2 [[1,0]]
2 [[1,0],[0,1]]
87 [[1, 2], [1, 6], [1, 12], [1, 16], [1, 18], [1, 23], [1, 24], [1, 26], [1, 28], [1, 30], [1, 34], [1, 37], [1, 39], [1, 44], [1, 45], [1, 47], [1, 49], [1, 50], [1, 55], [1, 56], [1, 57], [1, 60], [1, 64], [1, 69], [1, 71], [1, 73], [1, 74], [1, 75], [1, 77], [1, 78], [1, 84], [1, 85], [10, 4], [10, 7], [10, 8], [10, 14], [10, 16], [10, 17], [10, 18], [10, 19], [10, 23], [10, 26], [10, 33], [10, 35], [10, 36], [10, 37], [10, 39], [10, 40], [10, 43], [10, 46], [10, 49], [10, 52], [10, 53], [10, 55], [10, 56], [10, 58], [10, 61], [10, 62], [10, 67], [10, 68], [10, 69], [10, 72], [10, 73], [10, 74], [10, 78], [10, 79], [10, 80], [10, 86], [11, 4], [11, 5], [11, 7], [11, 10], [11, 13], [11, 14], [11, 16], [11, 19], [11, 20], [11, 21], [11, 22], [11, 26], [11, 27], [11, 30], [11, 31], [11, 32], [11, 34], [11, 35], [11, 36], [11, 37], [11, 38], [11, 41], [11, 42], [11, 44], [11, 45], [11, 47], [11, 48], [11, 49], [11, 51], [11, 52], [11, 53], [11, 54], [11, 55], [11, 56], [11, 57], [11, 58], [11, 59], [11, 61], [11, 62], [11, 63], [11, 65], [11, 66], [11, 71], [11, 72], [11, 74], [11, 81], [15, 0], [15, 1], [15, 3], [15, 4], [15, 8], [15, 9], [15, 11], [15, 13], [15, 14], [15, 17], [15, 21], [15, 24], [15, 29], [15, 31], [15, 32], [15, 34], [15, 35], [15, 36], [15, 38], [15, 40], [15, 44], [15, 48], [15, 52], [15, 57], [15, 59], [15, 64], [15, 67], [15, 70], [15, 72], [15, 75], [15, 76], [15, 80], [15, 83], [15, 84], [15, 85], [25, 1], [25, 2], [25, 3], [25, 4], [25, 5], [25, 8], [25, 10], [25, 14], [25, 16], [25, 17], [25, 18], [25, 21], [25, 22], [25, 29], [25, 37], [25, 38], [25, 40], [25, 44], [25, 46], [25, 48], [25, 50], [25, 51], [25, 52], [25, 56], [25, 58], [25, 59], [25, 60], [25, 64], [25, 66], [25, 67], [25, 69], [25, 70], [25, 73], [25, 78], [25, 79], [25, 80], [25, 81], [25, 84], [25, 85], [25, 86], [82, 1], [82, 2], [82, 3], [82, 4], [82, 6], [82, 7], [82, 10], [82, 11], [82, 15], [82, 16], [82, 19], [82, 20], [82, 21], [82, 23], [82, 28], [82, 29], [82, 30], [82, 31], [82, 32], [82, 35], [82, 37], [82, 38], [82, 39], [82, 40], [82, 41], [82, 46], [82, 48], [82, 49], [82, 50], [82, 51], [82, 56], [82, 57], [82, 60], [82, 65], [82, 66], [82, 67], [82, 70], [82, 71], [82, 72], [82, 76], [82, 78], [82, 79], [82, 86]]
4 [[0,3],[1,2]]
99 [[0, 60], [1, 13], [2, 87], [3, 12], [4, 43], [5, 67], [6, 42], [7, 41], [8, 94], [9, 43], [10, 13], [11, 92], [12, 49], [13, 40], [14, 46], [15, 96], [16, 85], [17, 42], [18, 59], [19, 14], [20, 78], [21, 70], [22, 51], [23, 78], [24, 6], [25, 11], [26, 5], [27, 24], [28, 32], [29, 24], [30, 4], [31, 47], [32, 97], [33, 25], [34, 19], [35, 43], [36, 83], [37, 33], [38, 35], [39, 43], [40, 65], [41, 36], [42, 58], [43, 73], [44, 8], [45, 76], [46, 22], [47, 74], [48, 78], [49, 47], [50, 7], [51, 89], [52, 23], [53, 76], [54, 4], [55, 61], [56, 74], [57, 54], [58, 39], [59, 42], [60, 35], [61, 83], [62, 31], [63, 38], [64, 22], [65, 40], [66, 44], [67, 48], [68, 65], [69, 83], [70, 22], [71, 59], [72, 86], [73, 78], [74, 84], [75, 51], [76, 14], [77, 31], [78, 66], [79, 17], [80, 36], [81, 74], [82, 48], [83, 92], [84, 51], [85, 14], [86, 46], [87, 95], [88, 32], [89, 53], [90, 41], [91, 83], [92, 96], [93, 65], [94, 54], [95, 69], [96, 87], [97, 98], [98, 42]]
80 [[0, 19], [1, 75], [2, 68], [3, 78], [4, 9], [5, 53], [6, 71], [7, 73], [8, 73], [9, 59], [10, 61], [11, 58], [12, 22], [13, 14], [14, 4], [15, 21], [16, 66], [17, 61], [18, 28], [19, 13], [20, 57], [21, 25], [22, 74], [23, 56], [24, 49], [25, 30], [26, 7], [27, 69], [28, 78], [29, 55], [30, 8], [31, 72], [32, 47], [33, 72], [34, 55], [35, 46], [36, 53], [37, 75], [38, 52], [39, 71], [40, 23], [41, 44], [42, 47], [43, 38], [44, 67], [45, 19], [46, 10], [47, 24], [48, 66], [49, 38], [50, 10], [51, 22], [52, 16], [53, 72], [54, 12], [55, 18], [56, 62], [57, 72], [58, 6], [59, 6], [60, 70], [61, 20], [62, 51], [63, 5], [64, 73], [65, 2], [66, 41], [67, 62], [68, 28], [69, 21], [70, 17], [71, 4], [72, 61], [73, 27], [74, 28], [75, 34], [76, 39], [77, 78], [78, 77], [79, 68]]
5 [[0,4],[1, 3],[2,0]]
32 [[0, 1], [1, 30], [2, 17], [3, 5], [4, 16], [5, 24], [6, 23], [7, 28], [8, 3], [9, 3], [10, 2], [11, 28], [12, 23], [13, 23], [14, 21], [15, 29], [16, 13], [17, 25], [18, 7], [19, 6], [20, 10], [21, 9], [22, 25], [23, 6], [24, 16], [25, 5], [26, 30], [27, 4], [28, 4], [29, 8], [30, 8], [31, 0]]
65 [[0, 7], [1, 11], [2, 33], [3, 58], [4, 8], [5, 47], [6, 22], [7, 50], [8, 45], [9, 19], [10, 62], [11, 14], [12, 18], [13, 44], [14, 32], [15, 24], [16, 48], [17, 45], [18, 37], [19, 3], [20, 16], [21, 31], [22, 62], [23, 3], [24, 14], [25, 48], [26, 11], [27, 10], [28, 53], [29, 18], [30, 49], [31, 63], [32, 11], [33, 1], [34, 10], [35, 39], [36, 16], [37, 55], [38, 33], [39, 18], [40, 23], [41, 22], [42, 40], [43, 16], [44, 48], [45, 61], [46, 5], [47, 7], [48, 47], [49, 32], [50, 29], [51, 29], [52, 34], [53, 15], [54, 30], [55, 36], [56, 38], [57, 39], [58, 49], [59, 49], [60, 34], [61, 25], [62, 58], [63, 32], [64, 48]]
75 [[0, 61], [1, 25], [2, 55], [3, 65], [4, 48], [5, 70], [6, 5], [7, 39], [8, 21], [9, 69], [10, 47], [11, 71], [12, 25], [13, 66], [14, 38], [15, 37], [16, 53], [17, 4], [18, 44], [19, 39], [20, 38], [21, 72], [22, 8], [23, 49], [24, 4], [25, 37], [26, 40], [27, 43], [28, 74], [29, 9], [30, 61], [31, 69], [32, 69], [33, 26], [34, 26], [35, 74], [36, 34], [37, 46], [38, 25], [39, 53], [40, 8], [41, 40], [42, 0], [43, 17], [44, 69], [45, 70], [46, 21], [47, 33], [48, 13], [49, 27], [50, 51], [51, 64], [52, 72], [53, 57], [54, 68], [55, 31], [56, 7], [57, 69], [58, 12], [59, 4], [60, 9], [61, 59], [62, 64], [63, 5], [64, 19], [65, 73], [66, 29], [67, 51], [68, 9], [69, 37], [70, 29], [71, 29], [72, 8], [73, 16], [74, 48]]
