0,1,4,18,31,37,41,55,58,63,74,76,82,94,113,120,125,131,134,144,151,165,197,198,207,207,211,212,212,213,218,218,220,233,244,245,250,253,254,254,255,258,263,263,263,275,276,279,280,283,284,285,286,292,293,294,298,299,302,305,308,309,320,329,334,336,339,339,340,344,347,349,358,360,362,368,373,377,380,385,385,396,398,427,427,433,436,441,446,447,448,467,469,474,480,485,486,487,491,493,495,512,530,533,537,539,541,545,550,579,585,586,588,607,623,629,630,645,667,679,682,691,736,759,769,780,785,808,812,824,841,855,864,869,881,886,888,893,894,936,963,963,969,970,973,980,983,988,991,995,
-9,4,5,15,
-17,-11,-9,-7,-6,-5,-1,-1,1,4,5,5,5,6,7,12,13,13,16,16,17,18,18,19,22,22,24,26,27,29,
233,244,245,254,263,280,284,292,293,302,308,309,339,340,344,347,360,362,377,385,385,427,433,448,467,469,486,
-17,-11,-9,-7,-5,4,5,15,
-17,-11,-7,-1,245,254,263,280,284,292,293,380,396,398,427,436,441,446,447,474,480,485,487,493,512,530,533,537,539,545,586,
-9837,-7263,-2401,-320,-127,-123,-110,-97,-26,-17,-11,-9,-7,-5,4,5,13,15,16,16,17,18,18,19,22,22,24,26,27,29,55,58,63,74,76,82,94,113,120,125,131,134,144,151,165,197,198,211,385,385,427,433,448,467,469,486,491,495,541,550,579,585,607,623,629,630,938,100029,
-2401,-320,-127,-127,-123,-123,-110,-110,-97,-97,-26,-26,-17,-17,-11,-7,-5,13,16,16,17,17,18,18,18,19,22,22,24,26,27,29,55,58,63,74,76,82,94,233,244,245,254,263,280,284,292,293,302,308,309,339,340,344,347,
-2401,-320,-127,-123,-110,-97,-26,-17,17,18,18,19,22,22,24,26,27,29,55,58,63,74,76,82,233,244,245,254,263,280,284,292,293,302,308,309,339,340,344,347,
-2401,-320,-127,-123,-110,-97,-26,-17,0,1,4,17,18,18,18,19,22,22,24,26,27,29,31,37,41,55,55,58,58,63,63,74,74,76,76,82,82,94,113,120,125,131,134,144,151,165,197,198,207,207,211,212,212,213,218,218,220,233,244,245,250,253,254,254,255,258,263,263,263,275,276,279,280,283,284,285,286,292,293,294,298,299,302,305,308,309,320,329,334,336,339,339,340,344,347,349,358,360,362,368,373,377,380,385,385,396,398,427,427,433,436,441,446,447,448,467,469,474,480,485,486,487,491,493,495,512,530,533,537,539,541,545,550,579,585,586,588,607,623,629,630,645,667,679,682,691,736,759,769,780,785,808,812,824,841,855,864,869,881,886,888,893,894,936,963,963,969,970,973,980,983,988,991,995,1029,6842,10954,88942,
